[ 8946.592899] [Project1] 2917 1588173409.910593581 1588173410.732021555
[ 8948.083583] [Project1] 2918 1588173411.475475834 1588173412.222648036
[ 8949.623724] [Project1] 2919 1588173412.985883652 1588173413.762731208
[ 8951.103608] [Project1] 2920 1588173414.444248599 1588173415.242558529
[ 8952.625671] [Project1] 2921 1588173415.941168452 1588173416.764564622
[ 8954.216881] [Project1] 2922 1588173417.474597440 1588173418.355713859
[ 8955.758620] [Project1] 2923 1588173419.068072961 1588173419.897394293
[ 8957.248179] [Project1] 2924 1588173420.577724310 1588173421.386897278
[ 8958.777047] [Project1] 2928 1588173422.092410078 1588173422.915707115
[ 8960.304262] [Project1] 2929 1588173423.634429070 1588173424.442864173
